90
144
116
289
174
279
293
280
52
43
41
133
55
221
202
59
231
165
131
185
156
119
215
105
132
140
254
242
139
207
266
49
55
210
217
253
165
114
225
129
140
247
92
145
297
122
98
233
127
255
164
236
164
344
212
220
228
273
138
73
272
51
299
187
322
312
104
50
77
62
215
253
153
106
86
101
71
181
166
129
91
267
84
134
111
156
41
65
174
284
306
320
55
56
258
60
186
192
110
163
80
200
130
304
179
177
171
34
148
360
138
251
192
242
157
114
194
192
76
191
121
159
271
191
132
193
69
350
58
107
312
219
303
173
321
176
227
199
360
102
214
317
124
81
268
146
85
247
255
178
179
233
134
88
96
80
265
197
85
210
237
91
118
71
154
144
296
223
238
149
155
239
61
123
157
259
142
192
199
267
62
119
191
121
157
47
336
122
174
78
44
129
229
308
64
233
270
83
170
220
103
231
274
204
128
243
334
84
237
134
92
252
259
130
49
158
319
113
96
105
154
224
327
312
91
154
69
136
358
162
197
173
75
44
48
131
231
94
170
300
169
218
116
249
67
121
315
199
104
94
52
121
351
60
168
109
222
113
168
209
24
260
216
64
178
185
56
206
238
56
243
261
110
198
71
115
54
168
132
229
190
62
231
227
168
226
169
83
238
36
320
158
249
243
301
158
250
252
174
55
70
180
353
257
193
197
147
258
285
254
250
318
83
240
146
130
181
87
155
241
206
154
159
120
231
98
250
130
243
134
214
309
191
107
95
158
98
96
143
155
330
168
134
219
265
131
59
159
114
283
183
124
88
200
116
262
197
87
47
135
76
246
97
330
110
289
236
217
161
247
317
52
164
202
251
173
108
47
123
98
127
267
53
147
183
77
100
59
275
192
46
146
56
249
127
92
157
261
190
104
198
118
148
109
144
69
112
117
77
75
162
184
47
266
124
183
265
206
256
74
47
153
70
45
174
148
154
193
297
207
68
298
259
242
196
105
62
118
79
211
303
104
314
233
97
264
68
98
223
179
194
323
269
309
248
147
42
214
221
270
158
123
201
88
153
164
62
229
292
94
264
42
193
171
121
310
43
240
196
321
72
340
90
167
50
145
110
97
191
70
133
132
303
321
217
197
94
229
165
215
95
98
199
70
229
259
219
108
54
200
278
80
233
249
84
142
185
295
30
173
288
181
153
183
201
97
41
111
303
152
80
310
198
114
206
214
213
192
93
226
79
356
263
134
196
276
198
183
281
168
130
102
214
70
228
69
179
131
244
73
102
121
75
273
87
64
185
113
76
141
162
252
170
244
175
211
66
189
159
152
95
158
74
144
162
369
132
282
174
77
162
167
181
103
135
75
246
287
205
81
149
50
125
315
325
121
71
69
183
252
190
242
206
29
241
175
109
155
261
150
102
192
41
290
97
109
75
99
253
51
249
210
98
178
95
131
224
63
167
148
157
200
185
204
86
95
198
137
344
165
86
42
94
115
134
128
108
145
101
235
219
69
77
242
254
182
271
228
202
164
68
48
122
230
327
39
60
65
79
150
216
198
205
325
272
100
95
236
45
267
241
155
105
141
293
144
213
145
106
84
203
44
91
314
128
156
197
118
173
250
245
190
206
81
94
275
316
262
224
133
127
348
189
260
285
27
168
208
245
169
190
257
165
325
46
221
43
306
211
125
257
300
88
246
237
211
52
51
230
193
257
36
282
65
204
74
349
166
160
203
84
74
166
93
222
134
167
140
38
121
139
266
56
65
107
179
208
114
86
241
280
74
122
203
126
137
255
75
189
166
264
74
276
68
230
265
88
59
125
103
94
142
241
56
184
52
175
204
130
44
147
249
171
180
195
136
125
213
219
223
257
129
248
222
76
66
81
334
300
151
264
215
204
68
210
105
150
70
124
65
158
141
203
109
138
46
95
84
122
136
204
167
246
204
238
92
229
91
176
149
123
345
267
63
152
323
278
304
186
127
157
93
138
155
189
203
46
226
308
331
242
137
115
156
52
291
184
267
170
143
155
193
37
145
166
183
306
133
50
75
199
92
292
64
171
117
180
236
176
103
243
106
77
144
193
237
193
170
226
334
147
99
110
327
93
351
179
185
183
196
108
138
186
141
125
323
65
304
71
146
204
108
262
186
337
295
59
334
327
209
66
49
113
228
45
245
119
125
96
85
89
113
146
51
230
312
200
40
164
281
242
62
93
266
49
129
247
303
102
356
90
137
66
160
272
192
51
271
225
273
124
69
80
151
200
182
146
264
55
280
