1835
2165
835
1084
1150
2675
2966
744
1326
1973
846
2154
486
485
957
803
2806
1539
1343
2673
863
2314
1520
2109
1230
917
1385
480
2984
2060
1710
660
2491
1985
2945
1526
1413
1183
1930
2116
469
2544
1394
2394
2377
2531
1768
1506
2492
1520
3058
1621
856
2516
1515
2158
1689
1550
2378
751
504
2561
2616
820
1980
1039
3207
742
2412
2500
1452
1688
862
2122
2193
2886
2939
3079
2027
1642
1562
1543
1868
658
835
2671
2260
1927
1230
718
1896
674
2384
993
1821
1166
1364
1176
2887
2748
2986
2572
1396
2710
2689
2812
2817
943
2739
2284
988
568
1515
3047
1501
846
1288
2860
2590
2684
1189
1090
646
2132
1471
431
1398
791
412
2789
1169
2930
1325
2439
1323
1041
1869
709
2595
1932
1183
973
1766
1160
1365
2844
1659
2117
2058
2844
1381
2603
990
2710
2989
1226
652
2763
1514
2381
2897
1815
1297
2348
766
1387
1469
1414
2780
1142
1830
2292
581
1390
3166
2163
1930
2513
2404
491
2928
1830
3071
1109
2926
415
1217
3004
3078
1561
1143
2713
1395
2982
2722
3144
1702
471
2975
1107
1557
2078
792
1803
2152
1051
1873
1653
1625
2724
1587
2548
3164
734
3164
906
2872
892
1919
1560
1406
2942
3057
2544
1130
2361
950
882
2039
1018
1375
2471
1937
1367
1120
1148
1780
1906
595
1734
2209
1106
1842
1692
1141
2748
458
1282
2332
2274
1789
2903
2883
2387
1800
1621
2401
987
2060
2413
771
1030
2836
2894
3175
1926
1836
2028
804
493
1960
527
719
3001
728
2879
662
893
870
1162
1362
629
2158
1824
1163
1807
3043
888
1955
516
2363
859
182
581
1146
2648
2585
2554
1245
773
1209
488
494
1112
672
2530
1611
373
1441
558
2144
1611
3327
2522
1110
1365
1355
1248
1430
2658
679
280
2329
2037
1877
2589
1941
1772
1460
2675
960
1542
516
3195
2973
1054
1226
934
1451
582
2188
1905
2039
1335
543
943
1173
2586
2529
1503
1504
2460
1543
826
1277
1145
1660
1884
1457
1602
3155
2120
2175
680
2160
1557
1497
2696
892
2277
2178
2009
1258
465
2999
1157
1158
927
1536
2665
2293
2787
2516
2349
881
2902
304
1498
1069
2095
651
1140
3180
1282
2281
1942
842
929
800
2393
1042
2518
1394
3358
1095
3268
3240
2128
2750
1523
902
617
1607
2104
1007
963
2772
3148
1617
2863
2587
810
1927
2215
831
1657
1258
346
2067
1242
934
541
2905
1603
814
1605
1815
2529
1962
2587
1351
1544
877
773
1683
2138
2063
588
2923
3140
2394
871
1554
2156
2932
2198
2136
2088
1444
2991
1097
898
570
1129
568
1853
892
2640
1586
1927
408
3033
2803
2143
2482
1478
1435
1416
1936
1094
906
765
2278
3084
2768
710
1231
1530
473
2675
1111
466
2380
2753
2636
684
620
2816
762
1708
2602
762
511
217
482
520
2438
1712
1765
1385
2754
729
432
1908
1506
1402
1630
1365
1374
758
2151
2472
819
2087
1145
2723
199
1988
1610
2515
820
3208
2077
1487
2985
1212
2973
1234
2700
771
1435
1647
2988
1851
2892
566
1067
618
720
2310
2078
2918
2126
2387
670
491
1376
1161
2267
2695
1504
924
2540
616
1660
2295
2670
1584
2661
1032
194
2521
2595
2370
2367
1954
2346
1548
1470
241
3083
2065
2096
2829
508
1096
3065
494
2134
458
2417
533
2579
902
2219
2647
2611
704
836
1562
3016
3176
890
2036
1359
1636
1876
1880
491
2184
880
3274
2901
649
1679
2931
3202
2730
3008
1983
1887
1555
821
1626
2539
1543
1085
2734
2213
2133
1775
664
566
2275
2662
754
2519
1773
677
2166
1120
878
3006
969
1581
531
1187
957
2429
2238
1579
1352
1604
2791
1259
3061
1117
1842
903
1804
2166
1094
2854
2957
2606
530
2914
2115
3128
2947
1476
1377
1382
1397
911
1679
1513
1712
460
1186
1906
1870
2283
934
1053
717
805
2992
524
483
472
586
1969
1393
831
831
1652
2755
1416
1975
2072
1979
2668
2514
2227
2644
1223
2868
2041
1143
913
869
3169
828
2132
1653
2513
1637
1540
3167
642
1584
2247
1149
433
2164
2073
1987
2899
1409
1724
2255
2854
555
874
260
2260
1019
876
926
830
2954
924
796
1048
1792
2223
1161
1469
2894
706
725
1128
3032
2888
2234
241
2183
2709
2015
800
2242
1994
3084
1756
756
1630
796
1885
1579
620
3022
2156
1657
1463
2861
268
846
2398
2316
3127
2539
2237
2892
643
2123
1536
268
2908
1714
1456
1389
999
2119
2417
2863
456
3080
2755
1252
1678
1919
2840
610
1348
808
2577
1607
387
2584
752
1756
1966
1827
1933
2083
546
2694
2799
894
375
1842
2113
1558
2072
2659
1391
478
3061
2288
2122
2100
993
1374
2490
1856
3084
474
1103
2289
2038
3002
1943
1168
1050
2540
906
2217
1057
2054
1441
3068
1574
1537
663
2472
1963
829
1482
2150
2729
2811
1547
1887
1624
2239
1953
635
771
3032
588
666
843
1356
2386
799
2080
632
2289
1669
2634
2357
3107
2469
2985
1798
520
884
1385
595
1785
1464
241
2323
1370
707
452
2637
1519
3214
1511
2147
3087
2134
1371
2107
2163
3038
1426
1463
2970
1179
2137
1881
2141
1931
2130
2517
2099
1569
2952
1684
1565
2996
2035
647
2129
1977
1543
2201
2477
3095
2604
2302
2451
1259
1685
2237
2836
1670
1498
825
2549
611
1596
1411
2908
2444
2182
2955
1334
480
286
1394
2411
2774
2634
1746
902
1862
2378
1430
1783
2440
571
296
2303
1910
1623
504
3067
956
2909
2162
1793
3241
2263
2053
524
1604
1690
864
1743
2355
1244
1260
823
1231
250
1382
3151
1082
325
2493
1116
816
2415
1787
2238
2660
1327
1562
1969
2132
2516
3066
1666
1163
433
1473
3208
1415
2982
459
870
1606
3259
2797
955
1286
2919
866
1250
2292
2000
566
2667
2266
2990
725
2361
1374
2762
884
2759
1175
1769
1357
538
1309
1841
1273
2278
1819
2665
2445
1035
2001
2858
2318
996
924
1675
1507
1887
2297
1303
1959
388
3064
1287
2066
2059
979
2180
1844
2636
1360
2686
908
718
1289
1290
769
785
1367
1941
1420
1605
2577
344
483
1176
485
671
1738
2220
545
1986
1103
1385
2710
1931
2677
2032
2525
1648
2410
2477
363
1362
276
524
1140
1517
695
1495
1304
2487
1886
2233
2085
2180
1866
2076
706
2467
1220
2583
748
1287
1448
1190
1840
812
249
2510
1516
2045
954
806
1636
1593
2553
2024
1952
1573
2105
1422
1635
538
2810
909
662
2856
1474
1944
3071
121
950
1647
2834
2188
2015
2651
1801
604
1555
1456
2983
860
2445
1793
1535
2842
343
1030
459
3039
2163
2709
2804
1846
1294
900
707
2521
1655
2310
1271
1718
1328
1596
1126
1379
687
757
911
1426
821
2083
533
1176
2228
2475
1265
425
2583
1580
1651
1455
1813
2972
1077
1627
2852
661
3088
603
1617
529
1846
1888
486
2787
644
677
2543
1345
1900
3227
360
730
1122
2188
1614
1208
917
2076
1137
981
1906
914
2485
2348
151
1989
1179
2651
3024
1596
1518
2960
1645
1268
670
1681
2430
2278
1003
2515
497
880
819
2864
2961
1373
1895
2847
838
2264
2771
1513
1576
739
2138
2257
2678
595
1236
2161
2776
758
2528
2954
1244
1247
2070
1391
2479
1066
3018
3215
2429
2914
1662
774
1246
816
3087
1703
1944
974
514
2603
1642
1741
3153
2267
2336
891
2491
2119
1178
449
2288
645
820
3098
797
1190
857
2900
1044
1570
2402
1669
2723
1407
2101
1933
1091
946
3071
504
1854
2324
1752
692
875
655
1978
458
3000
2389
1766
913
2602
1844
2301
2217
1927
2434
2066
2211
1634
2414
1276
1135
782
587
729
1111
1700
1696
1227
709
1530
1729
3119
3032
1937
3142
1022
1528
1173
2263
2948
1177
2212
2300
1103
2128
1734
1273
3253
1396
3077
669
1140
3060
1949
2804
1756
898
840
2133
521
1857
1788
529
2051
1887
2695
896
1405
1470
2195
607
2415
1147
1275
2440
1993
1697
1857
2459
873
1522
588
705
848
2341
466
1574
2482
1448
3314
451
535
2297
2633
1271
1320
2545
2125
571
1125
2128
1590
501
1090
2740
1458
1725
1098
721
1265
1145
770
2581
682
1649
545
492
1792
1555
1455
812
2645
1679
3126
1392
2848
817
2699
668
2225
901
686
1849
2945
1987
3054
477
2735
2031
3110
1622
1187
2974
1094
1733
800
529
2190
2895
1191
1592
615
1134
2373
499
2273
742
2304
1853
601
1149
670
3191
607
2307
2001
713
978
299
1919
1999
2167
696
1987
1042
2540
677
1870
1837
2195
1991
1881
840
2595
2859
1059
490
2842
1028
2074
3221
1990
1366
2942
1659
2472
653
1024
2843
1648
1922
1194
1622
1664
2334
3027
2015
2951
1156
1184
1999
2843
2037
969
2528
568
906
1473
598
3112
1454
1421
3075
2015
2632
1765
942
2471
1098
2320
2313
2614
865
124
751
537
828
1287
1926
2053
581
917
1183
1574
930
1731
827
1752
2928
919
1927
3000
1012
1373
1425
1720
769
587
2403
878
3046
1303
1058
2667
1158
2941
2773
2346
1980
2414
2314
2559
1465
2893
1249
599
2839
2217
2423
1276
1428
2716
2954
1238
2394
2036
1451
2947
1699
1512
1215
1459
1828
1322
876
972
569
1497
2871
2195
1943
1121
1881
522
722
2113
1805
2573
2548
3159
2881
2245
1405
1479
3161
881
1253
447
1133
1063
1759
1802
1058
975
2035
736
1767
1692
2510
2710
1373
2189
2545
912
1599
1845
1168
461
2229
2158
573
625
2409
1433
2374
2628
1291
718
832
1067
1088
1290
1679
1927
1356
1199
1901
2009
1285
3049
1056
2867
2052
2433
3174
2482
2026
2345
1239
888
3137
906
2109
2996
1144
815
1251
1196
700
1683
1973
2036
993
843
826
1870
2928
609
649
791
2628
1029
1839
2796
484
633
965
1448
2018
511
794
1912
1717
1894
1917
756
760
3150
2311
494
1528
495
473
1722
1402
1441
630
902
2948
2696
2601
2928
2661
1846
2985
1297
2183
886
742
1143
2136
2850
1757
3202
1256
804
1455
2635
886
931
2286
3211
1065
1481
1327
1497
2306
1690
1392
496
1780
1708
2444
806
2356
590
276
2907
2990
1564
2352
2320
1721
515
529
3187
1715
1801
2772
434
945
527
2876
3176
2178
1718
2302
2671
505
2912
1088
1029
1049
354
1663
517
1168
689
1179
1130
1360
1331
1372
783
2525
3064
1897
1281
2081
2369
2541
1064
1661
1562
1755
1374
470
1662
1488
2567
3138
2254
1371
1238
676
1169
3253
2145
722
1079
1734
1722
1174
2880
1990
1032
1228
2076
631
386
707
1231
2814
1411
2197
3101
1583
295
779
2704
2247
1567
2510
705
2105
1513
2513
761
3069
1173
766
1394
1788
3088
1414
753
1973
2466
1633
424
837
555
935
982
1983
3066
2666
1582
1199
571
2234
1518
1956
2941
2380
2905
1598
2793
2504
1270
470
2852
2724
2884
1896
644
2653
617
1843
2254
2935
940
1381
1260
1728
1155
1395
1923
1603
1273
2859
2338
1260
1670
1813
1894
2105
1642
2100
630
2847
1325
726
2624
2743
3138
1076
1201
1306
1060
2511
1038
2508
2225
1987
2057
2159
3283
2905
333
1137
2466
3003
865
959
1808
924
1318
3016
2337
722
1278
3147
520
2379
1543
947
1535
2234
1630
2292
1465
1528
1047
1239
2883
2444
2115
1789
1430
2123
1105
1405
2567
1378
211
2929
1979
2911
1207
1684
2889
2319
1737
1858
1650
1790
1025
2039
2101
1857
1370
2986
2447
3003
2246
1876
1858
2315
561
1933
2112
1476
331
948
1475
752
1000
513
910
1610
1603
2411
2149
1040
1095
1056
1515
1409
2239
2645
3072
2500
1133
972
2667
607
2415
874
1421
1257
2569
2936
2349
1392
1484
2168
2795
1042
1534
619
3186
2182
1953
1241
284
1342
2183
2080
1895
593
2090
1528
3114
1167
548
692
3134
1680
2042
2225
1117
1008
2906
2939
1212
1383
925
576
2187
3133
2281
2079
2221
630
2618
574
1679
2861
774
1212
1741
825
1616
2986
1547
511
1922
1807
602
2127
2525
1853
569
1089
480
179
1615
2265
1716
848
546
1177
2315
1627
970
936
2157
3229
2400
557
2667
631
1917
1144
1466
1343
971
1289
1072
897
1913
2616
1945
2314
1495
1420
2135
1774
1713
2828
880
696
602
2498
722
1708
1998
1045
2033
2164
1603
2467
1302
1405
2657
2723
2784
650
1507
2174
984
767
2142
536
1735
1967
1428
1354
2642
1687
1804
1489
1255
2143
2505
2105
1516
1399
2539
656
2965
2206
1153
2214
1526
2462
1211
2932
1820
1575
2751
1825
840
449
2337
2721
830
1577
2430
2685
2776
2061
3065
3004
2232
1959
2493
519
933
1185
489
2883
2763
2781
1412
1288
1268
1060
445
2032
2017
705
509
2674
1299
1449
1889
582
3047
2164
2881
2617
634
2821
1591
1881
1551
2192
3145
2074
1521
2488
2864
753
2883
2831
1848
1881
476
3227
2172
1262
2032
1101
1564
1657
2201
1046
721
2943
1649
1237
579
2404
2062
2270
532
1011
1121
894
503
834
2119
1247
1103
271
2578
1515
1157
2000
854
1731
2597
1353
942
649
496
1368
1701
2340
2776
1295
1037
1918
1801
2998
1014
2922
213
2275
1008
531
2111
1867
1663
1477
2154
489
2633
1445
942
2698
824
1435
1654
903
934
992
3216
3028
2828
3277
2659
1159
687
771
1308
868
1478
1647
2032
1613
2688
2075
754
1731
1777
2670
2076
2763
3251
441
2171
2055
1899
2592
1746
1383
1593
1010
524
766
2081
702
540
1661
3111
1505
1018
1823
3049
2097
1359
2786
756
1110
2805
804
2524
1380
674
716
1186
1610
611
1138
3137
2120
144
2055
975
547
1461
2558
2158
2133
2319
1348
1239
3064
990
2383
2515
1665
3032
1092
1501
1766
2326
2768
940
2463
2149
1466
1102
578
1226
3068
842
3006
3097
1457
715
2712
1817
2804
2569
3125
1206
719
2006
880
2883
492
794
2195
1810
1600
1254
2884
816
2307
1459
1172
1825
1357
973
1080
976
262
658
2091
2095
1186
2015
569
2575
913
2166
979
1872
1712
1713
2572
2056
2168
2047
3030
369
3009
737
747
1063
1638
897
3218
1532
3058
2663
1229
607
1505
1324
1267
1854
617
1628
2482
2255
1228
2256
1131
1754
654
2149
773
864
1460
3196
1818
2146
2257
1216
1239
1929
1081
1554
2974
1573
1051
1035
654
1107
2729
2084
1461
1423
2193
1062
1266
2693
2420
1704
291
187
2916
1257
2078
863
1608
2723
997
2923
2668
1275
563
1223
487
2863
1610
3220
730
2807
1944
541
2482
1318
1822
1812
1873
2577
2677
2509
1261
1981
1152
2221
1731
2484
1537
1715
2186
1620
2021
2060
1752
1994
3138
1279
1658
2175
877
2986
2137
1140
2121
1418
977
1034
1090
1965
1629
3258
613
962
867
545
2099
2187
1564
2282
1721
236
1171
750
2798
724
2111
2648
1784
1725
1463
1658
2730
1871
895
1506
1998
1547
3197
2021
1002
3026
727
868
1462
2167
2034
1380
613
2365
1107
1355
936
545
1445
2723
1257
803
1899
2892
601
3175
2298
2410
2447
1158
2863
1454
3012
2446
1349
2215
1518
1080
2527
419
1227
1161
3261
2153
663
1038
1212
620
711
2030
2248
1603
946
1377
2664
474
2503
1392
752
1213
440
979
1261
1133
1622
2088
1633
1844
946
3032
2117
3145
2019
2189
2405
1289
937
1054
2054
1129
3134
1226
509
2423
2260
2096
2543
3066
1267
2942
1250
2006
2429
1390
2126
1304
315
1020
606
2888
1367
220
955
1233
652
3099
2139
2423
2435
1949
1507
1456
2041
754
1481
559
1709
2658
1897
1671
637
722
1550
2723
1099
2128
1167
3167
2715
935
2920
2625
3052
745
1271
1675
1210
338
1879
1447
1037
673
1252
1966
936
2879
1310
1157
815
1133
637
2755
815
749
981
1110
1959
1735
2396
1949
988
2602
1940
1926
2277
3099
1689
1892
487
2022
457
533
1370
2809
2206
1951
1865
217
3165
931
1655
859
794
1987
1346
1546
2518
1640
704
2255
1132
1439
415
1169
1152
2537
2548
2233
2634
900
1019
2112
1653
978
360
2605
1103
2810
617
552
1110
1019
2113
2597
1544
2377
1349
1321
1218
1021
777
997
1564
2689
2789
582
1657
2164
2821
1086
844
789
3030
546
2471
1193
2610
1919
2273
2849
2349
1794
643
1605
1600
2762
699
504
1054
3173
1512
1949
2011
1597
440
1085
325
2110
1947
1849
2555
3012
2450
1061
2429
2743
1324
2211
1411
1624
1160
2093
777
1273
855
688
564
2764
2324
820
618
3106
1108
915
2563
1493
1568
1075
2399
2634
498
1412
2283
2503
480
587
2257
1353
1432
774
553
2014
1635
2360
2184
1409
1175
798
2385
894
2656
1611
1587
1793
1455
3051
898
1664
522
2849
1290
1644
1240
2004
424
2765
3085
2036
2633
2204
2839
1488
931
3018
2621
2534
1610
1924
1913
1121
506
2891
1584
2101
2768
2206
1470
700
1853
2611
1131
2989
1151
1123
1592
1122
2077
1367
1534
1920
2376
417
1000
1315
1251
2026
1196
2518
1492
2351
1657
1252
423
1360
2096
1424
765
449
1662
2508
841
2891
1331
1607
2547
2276
811
2150
733
1655
575
2955
3024
1789
1955
1015
380
2062
1883
1341
449
2604
3161
1651
2338
1779
2984
1521
264
684
3146
1190
677
1593
3064
1678
1390
2531
2767
1716
1938
1523
1133
1878
2348
1482
1826
1179
1173
1031
927
2364
1808
2376
3065
563
469
1333
1460
2883
2570
1259
2690
2466
2390
1852
846
2343
2823
1337
2518
2602
2057
1349
2139
1635
2261
1249
1496
2167
1525
1113
1011
1087
233
827
947
2635
1100
640
2325
968
1309
278
2719
1984
1681
2260
1395
2167
2076
3094
2104
1983
866
1743
648
1687
1310
2634
505
2031
2598
698
1921
631
1673
2444
1476
2242
2089
2140
700
570
2259
1461
1770
2470
853
2854
1266
1849
982
1374
1961
719
2543
358
3070
1761
829
1112
2494
3182
1339
2730
1390
1891
1643
1912
706
656
2687
2041
2834
2699
2089
3064
1380
2999
3242
1708
2283
579
3017
1264
2931
1377
2984
962
2650
1398
487
2019
461
2278
1884
2000
831
1043
959
3352
335
509
896
724
770
2241
653
1842
3162
812
2087
596
1504
2679
625
877
1310
1214
2814
1981
2035
1968
432
1537
1974
1256
960
1295
2797
3099
2569
2205
1540
1489
566
2007
2042
2587
1373
2067
2100
2370
3326
2869
918
748
2550
680
2307
1889
1791
2317
980
718
1779
1506
228
515
1919
2618
1912
1021
654
2854
1654
3059
1936
800
878
2679
2907
1456
2550
1257
2204
1357
2252
2404
2340
1508
2059
675
2577
2914
642
624
1744
378
1364
3273
594
303
3344
2540
2648
2057
2521
1974
2647
2055
378
676
1803
270
368
2337
2092
2567
1276
2369
1933
2442
791
2818
2623
1182
862
1163
1766
2082
1838
2403
533
1549
1662
2978
2845
1092
1701
2928
164
2950
1052
1773
2586
2223
1458
1855
1099
1032
1496
1575
1097
1187
2766
1701
848
2015
1133
1039
1629
2413
2978
1985
2656
2001
950
1496
2395
2801
2630
1688
1375
1103
2273
667
879
2541
1140
473
1572
946
563
1275
1177
2467
2733
2643
1268
511
785
972
2134
2148
1361
2474
1359
1517
711
548
868
3071
2892
1150
1410
2071
1152
1484
2542
1674
1069
305
523
2660
730
2443
2578
814
689
1498
1246
928
1648
948
1079
775
1940
2916
2670
750
2664
2460
3325
3220
2510
1509
1468
1391
732
663
2320
2801
593
1669
2715
1664
1958
1417
1098
1442
2072
3239
2073
600
3166
938
2634
310
430
3140
3052
1630
3154
2311
3157
2373
1070
1040
1439
1211
987
1100
1643
1130
1825
2232
747
1901
2262
2755
1020
1728
1991
1176
950
1534
1676
1402
2695
2251
1467
808
1481
991
958
2287
3081
1188
1860
2261
1326
1387
1670
1595
1229
1891
1404
581
2308
2738
2608
3109
2682
981
1949
417
1074
1540
1444
2480
428
1163
624
1995
1157
1594
1280
3052
2881
3030
1888
1350
1259
2175
2119
2189
2826
2563
1826
3215
1856
1838
1392
2113
2480
1279
2989
2037
314
2755
2599
1644
483
1126
524
1892
3045
1485
1512
1975
2995
728
1959
1148
2503
1128
1382
2374
2096
1662
1574
2360
1807
2621
1054
2107
1622
3190
2271
2930
1732
681
2141
2654
1401
1441
2580
1205
2913
1631
2539
1601
532
556
2411
2907
595
499
622
835
2437
1715
1192
677
576
2136
2772
1248
1071
2654
3138
1425
2050
2674
2511
1678
2989
1352
1971
683
2145
3196
2335
2236
1545
2862
2122
2824
2550
978
2107
551
932
1987
2668
2567
2778
2629
1033
1033
3052
701
130
1015
1731
2204
503
1183
2763
514
307
2254
2722
1290
2803
2134
591
2689
2763
2812
889
1320
1587
2998
1579
1238
2887
2381
788
802
2701
1392
1916
546
1631
1019
1953
591
3146
2114
2451
1550
1450
3070
2223
2683
2814
2835
1965
3019
2463
2060
1565
780
944
1631
2447
1406
1736
1066
2607
406
1128
2663
2072
3103
1644
1391
2474
1106
1706
2943
2011
1077
1022
1481
1908
911
2555
1107
1276
1524
891
2475
1174
1733
1322
2088
1305
1367
1459
992
1521
1140
1555
2116
882
2134
3203
2514
889
511
689
1950
288
1896
1300
2078
1222
3099
523
2854
3164
809
2002
1894
710
1066
643
1350
2151
1998
2708
2488
2192
2783
2002
2182
1941
608
2093
2594
899
1882
905
1712
949
2402
812
2324
1525
792
2179
2904
1093
1034
1544
2523
1707
1358
2132
1682
2520
2870
1781
1393
1736
2072
3253
3142
1072
1572
1676
2903
1618
2898
1167
2625
1718
1646
693
3037
1278
419
2793
791
2846
1560
1076
1569
1450
844
1582
965
970
2255
1837
2805
2702
1426
2995
1896
717
1722
1301
2336
1003
1956
1995
1441
1451
2111
2289
3012
2031
1239
770
2773
709
1082
1278
1019
1516
1723
3050
1262
560
968
3264
2796
2962
2549
2485
1793
2720
1293
1103
2025
1372
1768
1063
1616
2935
2183
2960
487
1313
1092
1669
555
1593
1198
650
743
2925
634
1098
1791
1371
1721
2581
2364
3326
2874
1310
2946
1704
1010
1115
2613
1195
1566
2795
1519
1915
2043
2046
1322
873
2160
1154
1061
2499
2606
2595
1908
1472
2368
2466
2535
522
856
701
1252
1433
1024
786
1280
1021
1933
2597
1165
2504
1536
2760
2590
1824
2396
2071
955
2250
2633
570
947
1988
958
1174
1410
2661
2452
494
550
1977
2451
1887
1170
333
1666
1027
1469
1356
1083
1478
978
1543
3152
2974
1440
1756
1495
1229
1906
2620
2690
1885
667
2971
2815
945
1269
1859
2241
551
1378
476
2297
2900
2137
1825
2188
2289
2344
1461
1216
2413
2463
2456
1459
859
2282
1478
3014
532
3224
1091
2842
2948
1420
2808
3128
1064
1668
1271
1383
174
1299
2243
1646
1133
538
853
1036
1138
2308
819
3178
2630
950
698
2247
2338
2232
2155
852
2785
1034
1208
2632
2653
996
2436
969
3263
3159
2188
3209
1485
2764
1823
549
1143
767
1526
3204
919
2033
2065
1104
2236
682
637
1529
1535
644
2627
868
2644
2101
429
2023
933
836
1139
1366
1756
589
3102
1245
1598
1230
1797
725
1037
2648
233
2412
485
1328
1178
998
1793
1154
806
2739
1658
1090
2382
1220
2475
2568
1574
2671
571
1131
2986
904
393
1278
1788
981
1795
2699
1554
2983
321
926
2643
1951
1984
787
587
805
2560
2795
1291
582
1314
572
1515
2147
1969
3228
2034
1011
1686
1148
1642
574
1471
3141
1028
1764
2525
1683
962
858
1628
1116
2531
3220
2316
2370
2629
2212
2289
1093
619
1210
1151
460
688
2229
2109
1486
3216
1359
1235
1976
881
849
509
2869
1946
2722
970
893
746
754
829
678
1358
1800
697
2444
2789
2399
945
1725
958
1228
1148
1392
986
879
659
1961
874
679
2681
1734
1849
1481
1224
2419
2623
973
1504
2271
1903
1451
835
557
1443
3156
3018
1940
816
1156
2420
1721
1767
1320
1825
1746
517
2440
2857
2765
2586
1314
2688
2165
1530
2311
1222
1396
1767
2618
1445
1845
647
520
922
2717
2678
1522
726
2284
2928
1166
567
2336
2935
1381
1514
1187
1072
604
1090
2131
1227
1155
2213
941
2359
2460
3204
3339
2507
3187
1175
1084
1337
2760
3174
2690
1431
1926
545
982
2705
1108
1928
3050
517
1637
2093
862
2027
1664
2297
1800
2773
739
1582
2243
630
1952
1227
2025
1369
1633
592
1102
2644
864
1422
1537
2217
2299
1700
1075
610
1192
539
2732
701
2283
2514
1018
823
2039
2975
1247
1632
1205
2264
2034
1291
1647
2459
2313
410
3120
2168
917
240
2363
2417
2708
1891
1573
2750
977
2755
1666
1419
982
1187
1777
1208
2900
2215
1144
749
504
2454
1734
2336
377
3186
1943
1596
1382
2217
697
1451
1618
372
3184
1582
1854
555
1831
2098
1765
574
1373
3126
1557
1432
616
1022
2942
2517
2031
1357
2243
1868
2120
956
2557
1609
3169
2354
844
2792
2679
773
1580
2024
2154
708
1681
1896
2220
616
1736
2221
1646
2409
557
1249
1963
549
2656
3057
661
1472
1551
1612
523
1989
1693
2170
811
654
2021
2294
2051
1023
1055
835
2287
672
3207
1171
698
2068
2670
2423
568
937
940
2605
2635
1386
1049
476
2567
1195
2035
744
233
797
846
268
1089
1886
2013
3202
2862
1983
3037
900
2422
1717
1813
2938
2445
1108
1819
852
860
1374
2192
3089
601
2662
1131
479
2944
583
2525
1846
987
608
2230
1770
2838
1005
1624
1761
2382
2107
2757
1110
512
1281
2161
567
2632
966
809
2870
3056
891
2264
2330
2249
612
3008
2266
1731
1512
2919
2014
2086
3166
2483
1086
1977
1724
3138
1496
2323
1788
2420
1806
3139
841
1873
2439
1880
690
1695
3020
1203
2050
3060
2991
1374
1965
2103
1993
1095
734
2293
2316
1728
2052
601
2801
1157
2818
1727
1866
821
2295
1762
1776
2570
415
677
478
2809
1178
3074
1858
1871
1401
1391
1770
1862
1738
1571
626
1877
313
2465
1026
1754
2430
2610
1843
1312
1645
2901
2732
1685
1001
1029
1045
1148
1133
2152
2568
2001
1804
2527
3184
837
1554
1696
2525
1079
3222
851
798
1929
552
2240
1975
1332
1832
1954
1336
1010
1991
350
3218
2888
1755
1180
2447
2258
2044
1626
3123
1070
1941
1342
3014
2189
2269
893
2336
727
2356
2500
956
694
1396
2602
1136
678
1116
1823
2787
2456
998
3216
990
1410
989
1092
1365
2441
1386
1728
1041
2834
2407
1995
2219
576
535
2860
2544
1840
1756
1020
2129
3091
2126
2121
1539
1979
1810
828
796
1536
735
831
757
2123
855
2776
2416
730
427
2019
701
509
1878
1726
2188
1532
2886
756
2204
627
2941
2354
634
2145
1209
1241
1591
516
2791
1117
2998
2723
1884
2061
1741
1506
2099
2977
1459
2821
2097
836
1498
2969
843
2095
1090
2921
1552
2352
1371
749
2031
2654
2164
1085
1525
2219
1521
2126
2049
3038
2133
1280
1890
2940
2194
1872
1646
1132
2331
1140
1405
3195
1357
2421
2591
1368
1918
1219
933
503
2862
3182
2617
2391
1451
646
1132
1987
1899
1729
1475
2138
2121
540
2086
2998
1039
2944
2934
2086
2034
2133
2428
1185
2189
1500
2126
1070
2445
1988
1949
2409
2668
631
1546
2090
2243
2408
965
2973
2530
1315
1577
930
2012
1087
1419
2926
2301
1950
3211
2887
855
697
1639
1720
1994
1316
3162
417
2501
2693
794
3080
1830
1036
1511
2444
2734
1741
267
2412
1795
2489
1393
2541
1360
727
3050
2761
940
1019
620
2893
1267
2854
1085
2996
568
2287
791
814
2649
1159
1049
763
2265
298
2440
2819
1699
1781
3005
1962
1886
2597
1407
2042
2137
2994
2947
1829
2102
1576
2301
2225
2669
3149
1314
2724
2574
2164
1999
2449
2547
1747
2321
1064
1928
3244
374
1758
2975
1115
2955
768
2833
634
1278
1538
3179
1756
2858
1150
2103
318
2431
1419
1559
1969
2071
1425
1743
1360
2952
434
1360
1852
1026
1578
848
2743
1004
1039
563
472
870
2140
2202
2553
2912
1855
2070
1083
2155
966
2426
1619
2132
816
1711
1932
3105
1553
2848
340
2190
1972
2972
1695
816
2219
1891
1553
2276
2267
1346
1253
112
2945
3018
1350
485
1455
1306
541
945
2060
1336
983
2814
1451
2366
1804
658
1641
416
3145
1185
2388
1740
1150
2377
2648
806
2360
2585
866
3229
1564
1585
450
1013
1340
888
901
1461
501
2876
2076
3212
1508
1760
2157
1759
1206
919
647
2312
2924
2763
3153
2549
2589
2155
1771
2342
1458
651
1216
1088
723
682
199
777
898
2582
1191
690
2604
2711
597
961
2581
1521
986
1714
525
1026
745
1061
1090
2513
1913
1496
2681
2820
2633
2007
2687
2902
1250
1575
1937
1514
1674
1108
2079
2092
1534
2128
1219
1529
1620
875
1326
2070
1437
2981
2167
2042
2643
2212
2434
868
2523
1433
1195
1161
1633
3163
1343
727
1771
3241
641
653
1570
381
486
827
2310
824
1982
2661
1842
2573
2644
1374
489
227
477
542
657
2973
508
1838
1367
2690
2727
795
2641
2668
1509
853
1919
1585
2462
1967
850
1236
883
2923
998
3235
2052
2535
1930
1529
857
2728
264
2497
847
3086
855
2167
2772
1516
807
1568
1310
1578
2684
711
1288
1701
1549
2451
816
1232
786
666
1411
1585
3033
1235
2627
949
825
123
2146
1329
1518
533
1533
1660
2606
1501
1328
2436
2642
1578
966
802
1201
871
862
2033
2398
2212
2542
2358
2244
969
2586
3140
2560
1840
2696
1473
475
3100
2030
1236
2374
3069
2041
1127
1892
2686
1252
3215
1216
995
1974
2927
2681
1924
1885
1160
2530
1381
1422
1189
1657
1017
1736
670
2074
1835
461
409
180
3293
2855
2859
1713
657
1966
2176
1318
974
444
1229
2528
3024
3138
2491
2216
1179
2639
1667
2095
1987
2172
3022
825
1457
1467
648
1488
1805
2386
601
562
3098
2643
3209
1854
2583
3066
1780
3003
2439
2110
2466
2396
848
2245
2106
2670
3010
1912
699
1701
587
890
852
1130
2389
1083
1912
1122
2689
1939
2386
1519
857
2953
2064
1718
841
507
1407
760
593
3019
2222
1265
1137
2292
856
1044
1003
744
1422
953
2481
1763
1539
837
639
2428
1263
1208
1389
1241
1869
2852
2735
1781
1739
1275
2685
1939
1842
1760
158
1877
1343
1408
2740
2318
1078
1223
2308
1224
720
609
2233
900
1985
2473
488
1312
1539
1420
2871
2803
961
2353
1438
1744
2072
2067
2359
2032
884
3104
1974
1312
1748
2750
2119
2218
2626
3112
397
3211
1456
1033
2185
2402
1552
2633
1773
1173
1750
2921
1433
2485
2941
1895
1698
708
660
3184
2728
867
1331
1938
2830
1641
1032
1321
1535
1215
2218
2473
1449
394
1244
2393
1750
1385
1985
582
1814
2661
2676
1514
1514
2198
2118
308
440
1821
2160
2846
2255
1149
1018
1671
2025
2660
576
979
928
2133
2265
672
1377
2282
455
2200
702
1668
546
2913
1215
866
1056
3054
1498
3008
2696
1649
690
2574
1180
1300
2489
926
868
1032
1245
2053
478
2465
2781
3064
1541
2228
2798
609
2610
3113
1957
3079
2727
824
1503
1128
1636
602
2161
723
1071
987
2011
1870
2790
918
1988
2335
1212
1813
1559
1548
1151
1040
1076
2638
586
2217
2627
749
201
2340
1884
1605
413
1236
1574
2682
2112
1575
3131
1268
840
1692
2750
3075
2757
2051
921
2148
2575
497
2930
2581
736
3076
1399
1719
2998
848
2775
2952
2895
2030
2007
2902
2245
841
2976
2807
796
1666
3195
2017
789
664
3171
436
760
1818
1783
1941
943
699
443
1144
3213
2463
2760
2107
2028
1637
3054
1226
1793
461
700
2820
1469
1553
3008
959
994
2858
1108
2571
2672
2787
2825
2450
1391
666
699
2635
1420
2008
184
2700
859
1194
1327
295
1867
949
1913
1522
2227
413
1343
575
1374
1541
2404
657
1738
615
2245
938
1335
248
2708
882
2145
1154
815
1700
2267
1401
3194
2729
1485
2461
1291
1529
1551
2453
1453
440
2312
2001
967
3050
1844
876
1364
2826
1816
869
2236
1345
667
1351
2326
2445
2589
1171
2810
684
2849
568
921
1458
2992
2175
1184
692
2019
532
1508
1501
882
1817
2590
1199
750
3166
3032
1185
2632
1551
985
3246
2952
2994
950
2319
1717
834
450
3027
1867
3230
865
1238
473
2109
1872
1753
1592
2283
1859
2591
1402
978
3063
2351
3198
1092
2909
598
799
2151
2167
511
2122
3132
592
811
1581
2393
2000
1256
2948
1476
2357
2287
722
2820
1325
1276
1011
2207
2890
667
2237
2275
2190
1797
2387
2649
595
2991
1388
579
505
1635
735
2237
1094
861
1827
488
2270
1725
1859
968
240
827
1627
3032
911
1530
1375
973
2424
2295
1079
709
1335
3218
2298
939
711
2786
1346
2949
1746
2785
637
2702
1959
2128
1517
2688
1244
1346
1035
2139
1103
512
1855
1897
2920
1251
2316
2289
2491
1365
3059
2137
742
645
2631
763
1756
1879
1004
1995
572
691
1725
321
134
187
1716
1988
369
911
2329
1333
2212
2855
1584
2069
669
682
2156
2708
2600
680
1584
2149
2279
1743
1238
3205
1823
2045
1906
2172
685
1734
1596
637
646
1921
413
534
552
805
499
1997
893
1933
3129
696
1632
1516
920
717
695
1764
2479
2545
836
1675
2039
3061
1405
2466
3006
833
1917
3038
1200
2237
491
2273
210
645
2116
2387
1722
838
1299
1044
703
2266
866
1333
1287
2513
2818
2587
1184
1239
1382
633
1307
2886
2226
1864
1830
1738
1306
2101
2367
3065
1381
2022
3097
1530
2605
2694
1400
892
2481
2430
3107
1315
2650
1597
1996
2154
1743
1347
882
2010
904
3058
982
2639
1455
1985
2286
2443
840
443
2548
2164
2826
2464
1733
918
906
1982
3171
517
1652
2552
634
1588
2491
1060
1121
527
1249
2628
673
1215
1743
3000
2748
3091
876
1732
3135
643
641
1178
2024
2356
727
2664
1434
1709
1117
578
1270
1255
736
2693
2343
1308
1509
2137
2571
1297
1004
1418
1455
3265
1425
1262
1049
363
2388
2168
1157
3072
2473
1790
2701
171
1437
2412
739
3078
3001
2597
2283
254
2645
479
1232
2018
694
2539
798
395
626
2353
1951
1137
2757
521
2371
2876
1901
2529
2140
3207
623
2054
2468
1432
1436
875
656
3167
1179
2782
653
1311
1063
1549
3297
470
2620
454
1168
1329
522
3100
2530
1321
944
585
2346
748
1249
1256
1228
2512
1630
506
1825
1516
2250
2648
1234
2050
1883
1128
2158
688
2083
1314
919
790
691
866
2109
3006
1807
1216
859
1582
3080
1509
2850
2027
2911
2615
1923
976
3149
1391
2103
1785
3242
2102
428
1462
1235
2211
1801
2405
2758
693
1568
1687
2570
1565
1258
895
3021
2020
2025
2648
1159
602
735
2990
2225
869
2836
2797
299
3279
2275
1701
3310
2365
1646
1278
1992
1173
975
3307
1404
1839
1496
1273
1738
366
981
276
1082
2151
1064
245
3100
2408
2524
1242
1689
1945
1800
1717
2726
468
3060
2593
346
2793
1368
1001
2193
2471
2145
2308
803
2331
1232
2824
2404
1025
878
535
2064
2918
1159
1638
1247
3159
1906
931
2587
1373
1343
417
2044
1219
1220
3168
2208
630
2193
1575
1567
2627
2968
1163
2728
1929
1150
3152
2841
1633
2100
3020
2553
2777
2042
769
1698
1445
3068
1898
1580
1256
1780
2884
566
1992
1165
1442
1299
403
1343
2633
1728
1806
624
1358
2548
1149
2086
975
304
413
800
506
1061
753
2218
3034
615
2065
2084
768
2510
2384
1071
1958
2229
1430
2345
1653
483
2702
1003
642
1631
738
2281
3110
2980
584
738
3034
645
2448
2019
1249
2580
2560
1723
877
1199
824
1952
1055
1202
249
2317
1575
1284
1279
2849
2136
3241
1860
1456
1118
2078
1411
2448
554
571
3097
2869
1584
2504
478
1196
2805
1547
1429
1561
1491
2750
2644
2243
486
2055
1125
1957
2160
1835
1029
1522
1447
748
1395
714
2958
2033
1578
2075
1376
2241
2749
643
1970
1476
1256
1310
2516
1890
1521
2226
657
2916
1530
3186
2185
1476
1495
1666
2788
1815
1020
1850
2935
1830
1566
2618
1184
726
1392
1204
2861
1514
878
2921
1823
2731
2085
1185
2002
770
517
1295
1354
1257
2104
2043
2083
1262
1513
926
657
1328
1103
2248
1909
871
1176
3145
1788
2994
1226
2483
1913
3050
1337
736
895
1398
1441
1781
2183
1989
1879
2605
1726
461
528
2725
2107
2255
3142
1126
1424
1338
2907
1322
2232
937
1130
304
1666
1333
464
1095
803
2261
298
1617
1860
2977
2821
838
2648
2553
710
1698
2803
2659
554
2725
2297
893
1396
3288
1174
1072
834
452
596
1119
1601
674
1853
1781
2568
1011
2320
2899
2585
2339
598
1954
2105
1449
914
3150
1760
1352
1185
943
2457
1196
1164
1459
915
759
1857
1225
2102
3193
804
2216
1923
1024
1157
736
997
1497
1012
1335
2402
2321
1300
994
2922
472
2191
1465
2984
979
1494
2780
2545
1167
1270
3209
375
2444
1014
2971
1000
857
558
1155
543
1479
2334
2420
1097
3283
1703
1536
2717
760
1816
2255
364
1377
2537
1630
2056
877
1079
1659
2905
1577
2069
1558
2760
871
2945
2747
1183
499
2613
1490
1083
2569
3005
653
1950
2717
3306
1090
662
1369
1231
788
2710
2661
2906
1361
1606
990
2097
1661
3149
2007
2316
473
1402
2149
2880
702
739
2445
2144
2070
1233
2600
2299
2601
1371
2200
2525
1854
2471
589
2544
874
1539
2003
814
2489
1054
3186
1662
1470
2311
2132
347
2162
977
1681
2159
1191
1864
1124
818
1147
1435
1902
2332
1243
2636
2199
1413
881
2850
314
2445
1524
1251
2362
1487
549
1671
558
867
1219
784
2003
629
1763
1624
1161
1820
2560
2596
1504
771
2359
639
1885
2355
2648
1470
3249
1354
2351
511
500
869
1397
1224
2451
3030
2174
2307
223
2482
1078
1439
3210
2961
1746
1778
2448
2997
2983
1950
2402
682
2877
1864
1084
1120
1533
1569
919
500
2286
713
2805
1106
759
1829
2861
419
1276
2253
1790
1664
810
2079
1064
476
1564
2856
2335
802
2806
2710
1446
1816
649
902
857
3109
1365
1874
2207
1540
2220
1487
1860
1354
2781
2393
926
466
1125
763
117
1413
1654
410
1311
1229
1866
1038
3170
2363
1759
1899
2574
717
1572
1719
1670
2452
167
638
1882
825
895
2053
3259
1312
1938
1683
1747
1476
1470
2393
1973
737
673
1387
1371
3174
992
2245
474
1178
1942
2304
2046
1932
1559
1523
1352
1133
3332
486
1879
1784
2567
403
3160
2130
938
558
1900
423
1327
1436
1425
1030
1286
1870
2184
1663
710
1992
605
1447
1875
1552
187
1876
2798
1947
1337
2778
2728
1207
2520
2930
943
3025
910
985
2396
3175
800
2572
2880
1924
1526
726
536
2113
911
1179
2101
1223
1827
878
1829
1171
2132
1707
458
3216
2465
1305
1016
1024
2826
2964
1223
2672
3157
1474
1604
1715
3107
1537
2938
1870
1914
941
2305
877
2271
1406
865
2712
1851
2078
2325
2643
2481
253
2781
874
2911
2137
2300
2570
1507
1956
2143
1660
993
1295
2157
1039
1867
289
1838
2039
664
1394
2304
458
1737
1030
752
2054
2582
2047
2974
601
1773
2188
2247
1570
1834
2113
1447
1069
2508
742
2596
588
1457
887
2351
1239
1745
1240
577
3181
945
3190
1392
1813
2581
2702
794
1743
1224
3203
2150
2267
1296
1304
672
1476
2496
386
1263
2451
1978
2932
2823
1813
1838
1712
908
611
2828
1947
1037
967
2275
1625
2864
492
652
1842
1299
2917
2320
948
466
2668
1947
2740
489
2475
2456
2135
1348
211
1887
713
2436
3096
2169
2685
1373
979
1176
1014
722
1087
1685
713
2533
2840
806
1047
2140
2009
1437
3118
974
3071
2517
1696
819
818
1335
2571
2751
2226
1279
1329
1355
2530
661
2943
318
1090
1459
2344
1337
1307
2962
1685
1718
933
2672
1486
1350
2121
1587
938
2876
1746
1078
539
2692
1722
344
1265
1986
2709
829
358
1356
2452
1440
3051
2454
1606
1537
3112
3046
2316
656
2039
810
1427
1475
1293
2310
1703
2576
2935
1308
505
2225
903
440
1527
2875
1113
2783
1565
1739
595
1419
1645
691
856
1986
1240
1815
514
1890
1635
971
1408
2558
1480
1676
2913
1548
1078
589
2143
1928
1132
1171
1867
1006
1781
2118
816
572
1826
1430
869
3211
3016
2696
1081
628
2695
2160
839
1642
2361
890
2172
1531
845
885
511
1151
1774
984
2968
2582
1497
1632
564
1421
534
793
2584
1268
1907
1663
1220
803
1285
1167
2958
2530
1666
2388
2810
983
1668
893
2802
2074
1035
2326
2275
1026
2078
1500
1706
1033
2028
3203
409
913
2421
2160
1943
2647
2947
904
1594
1441
2537
486
2710
2559
748
2136
473
586
614
3049
1396
1971
1180
2610
1391
1407
1014
1867
898
1549
1008
2224
1633
1316
1662
3180
1323
229
676
1939
1349
2115
717
635
2285
2229
734
2469
658
1713
693
2388
1077
451
2559
1283
1666
1998
1013
2180
1572
1261
2660
1240
2729
2971
559
1825
1799
1736
2058
940
2541
964
2169
2301
2038
1813
2238
724
1037
2195
1321
689
2401
3039
1098
2230
1915
1332
776
2931
2427
3172
1885
412
1037
2983
1820
1009
2702
882
2234
1448
1798
2422
828
3038
1375
1592
633
564
1870
2855
1972
1424
2881
1958
1187
1202
844
621
2102
1308
1797
623
2410
1750
1323
1762
2379
2749
1094
2344
566
2866
1455
563
1425
530
2474
2034
2708
2979
2355
1851
1091
2919
3086
669
3041
3251
796
721
1585
2161
1924
1300
1814
622
2328
2222
633
1617
1796
2721
1607
1723
968
860
2479
1523
2786
2017
2593
2605
1778
1248
2911
1280
745
2091
2054
1840
697
462
2275
1998
1748
543
1855
2398
2781
1080
1014
861
1823
2921
1554
1137
1103
1816
2094
770
3104
273
1257
2662
490
413
1146
2240
1758
1455
1051
942
638
1092
1934
1179
890
2189
554
2362
2940
2364
1639
1971
1369
2730
2130
2650
1059
1466
1978
1583
1482
2343
1208
1425
1497
1854
990
1267
2474
1027
530
2551
1419
1284
2760
1523
474
1290
2741
1445
561
2175
2342
2191
441
943
817
2245
934
554
3027
3259
3167
2430
2125
3091
1921
1588
420
461
704
1868
2119
2308
1758
2257
1244
1734
1814
3035
2703
1705
505
2559
649
1341
2346
2853
2073
1209
2070
1315
1039
1787
1852
605
869
2858
2079
1735
3046
840
1378
2382
1511
1905
734
939
1121
562
1669
763
2341
1299
418
1684
2684
496
737
2031
1845
1413
3214
1072
1196
912
1519
1952
1803
2205
2093
2245
292
806
1477
3210
2685
2291
839
2216
1722
3138
1231
2845
1007
2294
1350
2912
2976
637
1735
893
2566
1046
2291
1229
689
1089
1006
3159
507
1591
642
1296
1249
1789
3014
2618
1697
2636
3073
1249
821
1443
1528
1106
1746
1787
2067
2471
2741
1633
1476
774
578
2782
2795
898
2711
1239
1801
733
2588
2927
1178
2332
499
1837
2976
2078
3318
840
3136
1368
3011
911
1660
2934
1397
2912
997
695
1255
646
2453
1266
1038
1664
1192
1380
3023
2773
1947
1822
1872
2870
1542
1806
2212
2424
1069
511
1843
662
958
2631
2175
806
2417
1168
2041
943
1632
2031
2149
1200
3153
703
1605
1642
2305
1076
2879
2372
1491
993
895
1066
477
1475
739
1113
1308
1271
1431
1934
1781
1021
2307
2512
1594
2727
2509
612
2384
1240
1107
2081
2648
1733
1785
1324
1221
1793
2746
586
3054
1952
803
2528
737
843
1220
1336
1179
1827
2997
1460
303
765
1170
1126
2441
2854
1317
542
928
2521
2725
2825
1204
2809
1905
2592
2359
2484
1764
2148
1327
686
2844
626
1020
3122
1927
1989
1486
330
1748
1334
1325
3162
1691
1751
2576
416
1996
1823
2609
2476
1579
2920
736
465
2266
857
2382
1445
1000
2223
1320
1390
1129
817
1605
1437
2031
2261
1951
823
3032
2205
1838
2374
874
2008
2228
2521
2611
984
2041
866
2020
2531
1543
1286
1207
203
1826
964
1289
1310
983
1025
1079
2011
1625
686
2712
404
2567
661
1475
2001
1035
1334
1659
985
2570
2900
2936
2499
741
1986
2069
1052
579
951
2490
1479
1693
2310
2176
2267
541
1748
715
2286
865
2922
2092
536
876
1752
1889
584
1349
846
778
2054
1496
614
903
1292
835
530
3003
2347
1677
2518
1919
2232
1582
562
1965
1223
1109
1263
1304
1287
624
903
1407
1411
3231
2931
852
2382
1742
2055
1251
687
1043
2585
959
749
995
1908
2863
208
2576
2033
1289
2020
913
682
723
1320
569
1169
2173
1401
915
937
3095
1337
1265
1404
746
2707
1767
1475
938
696
1787
2443
1402
2483
769
1575
2776
2958
2390
1655
3021
2148
3066
1536
520
1927
465
618
1433
1091
2531
326
2052
854
3103
2441
1205
1893
1007
2219
2312
1208
2429
1020
926
2154
2828
1987
2410
2140
1908
2375
1107
1283
1223
947
1916
922
3173
1098
668
2136
3157
2669
2533
815
1979
1812
3142
2771
2217
798
2906
1852
2979
2314
1497
2030
792
2412
1655
2169
2550
2400
839
2238
1633
664
656
1440
1676
1069
2635
3159
653
1653
710
2145
2967
2702
1925
2646
1476
1360
2277
2533
831
1610
1114
1996
1321
1908
1260
2412
1223
1011
2480
646
1957
634
2070
2820
1473
2181
2409
1995
1349
1363
728
2965
841
1034
2572
2791
1328
2316
3232
893
601
1006
1238
2188
1568
3196
1350
710
2923
787
1862
1857
708
1252
2467
2819
2575
2028
1527
1782
1370
1409
1615
2469
1042
1621
3096
2459
1330
2694
2275
3092
1383
611
3099
1510
2565
2072
511
1842
3098
482
750
1404
2158
1523
2692
852
744
746
2525
889
2256
594
1036
3195
2512
709
1329
1691
1374
2530
1512
2503
1418
2197
2399
1020
613
727
1344
818
543
2880
1494
1667
2058
1592
1934
2507
918
3023
2610
1137
928
1380
520
678
2775
1652
2419
2474
1347
2147
585
877
2911
1177
3104
555
2323
1441
3011
1083
2499
2738
2587
1339
2548
1649
570
3113
1074
1576
1349
677
3099
883
1065
512
693
1318
2399
508
2054
2423
1637
914
2048
1308
1133
1916
1293
2867
1067
3084
2258
1182
1604
1882
1936
710
2309
1174
618
2458
949
1188
1509
3030
2377
1708
1491
2324
946
3167
2278
2454
1489
2336
889
3099
3175
1531
3174
1334
541
3255
977
2619
2839
2436
736
1154
2100
2988
1925
401
1827
1608
1432
3317
996
495
1490
1967
2747
3065
1294
731
2552
1352
1942
2471
1883
3162
1642
2209
1163
1687
570
3005
3036
700
1639
1617
2808
2495
981
939
2499
283
2037
1230
876
632
756
2066
982
2369
3205
718
774
1234
2169
2952
586
2918
2255
1059
847
773
423
480
260
469
2453
2493
860
665
1393
722
1682
536
2980
826
2144
2883
1588
1893
1821
1520
1892
890
1146
2764
1673
389
1688
1232
1370
1180
2903
1798
2709
1019
1845
1437
2385
2923
2578
2314
640
1077
2713
2032
2636
2802
3078
3136
1704
3080
1439
1073
1809
3133
965
1782
2685
2892
846
1027
984
1408
1365
1557
933
2495
2132
2660
1132
2464
1910
1364
1339
1780
738
2387
1951
2800
2260
2006
2871
1885
1721
990
2080
800
959
932
664
595
707
2367
1168
1620
736
1540
2408
762
2898
717
2835
986
1874
1595
781
1914
1070
2418
2831
720
1229
1153
833
1860
1596
1250
2737
1978
1780
2557
2877
1385
2399
693
781
1124
872
2723
1058
1488
650
3286
883
1173
1161
1455
936
676
559
2753
2915
2543
2169
1510
2989
2113
2317
2202
1381
2396
2942
2569
726
1219
1268
562
2153
1128
2068
2449
1686
2493
541
1975
1650
1350
1306
2397
2687
2937
2171
1798
1727
576
1219
2658
973
2360
1967
1130
755
2061
993
1344
1243
1786
2080
2266
1494
495
2609
941
774
1077
719
1021
2981
994
1765
1611
3014
1939
942
2246
2961
2111
681
2438
3104
2046
1513
3138
1580
1294
610
417
1764
2200
886
972
823
1946
1976
1965
1794
2877
634
2477
1415
2251
557
723
596
3214
243
2716
1649
2242
2304
1061
2075
1788
2923
1267
3059
2101
2885
3035
1062
2836
1415
916
986
2794
2185
816
2184
1870
1311
559
2208
872
2578
2044
638
928
846
2277
2550
888
2410
1470
1355
1356
1660
2047
2603
2133
2592
1145
1563
3063
1875
862
1916
2486
2661
745
1642
1653
2566
567
3075
1476
3089
924
1971
2529
2413
1814
1805
2184
1744
1811
2924
933
460
2140
3045
2917
1874
1233
1764
1228
2304
1761
3075
2431
2250
1768
2795
1333
480
1794
582
1298
664
1063
1171
2773
2931
1175
2384
871
1353
385
1279
995
1738
1989
1937
1647
3246
1654
1015
639
1624
2570
909
1879
1496
1740
900
1952
1162
2375
2644
3125
650
2933
2125
1375
1424
2066
730
2589
2146
2434
1700
1308
2461
1298
1160
824
2662
2700
1330
1235
565
808
2739
1643
1076
910
1844
1568
1410
1327
697
1583
2035
3167
1311
2848
2326
1865
2036
295
2254
859
1639
2873
2869
3080
2174
2170
1923
1597
2329
1864
1719
960
2274
623
1287
997
817
1861
853
2109
1825
1153
1976
698
2376
2241
2680
1262
988
1335
2301
2670
2130
548
2489
404
1984
588
836
486
1239
2059
3150
3127
665
974
1417
692
1563
1458
666
1640
926
2691
1750
1332
2835
1103
2111
943
1838
1402
2016
1792
3039
2019
1626
902
1540
1496
1020
2939
1277
3198
3268
814
1400
2630
2660
1336
894
2605
1896
1074
1695
875
1773
2692
3113
1954
2361
2391
2713
571
1288
1571
852
552
1962
1493
1475
1337
2777
160
3001
2641
1961
2712
481
1658
2176
2669
2524
430
1976
1631
966
2809
570
1255
1617
3055
1567
1753
736
2523
779
2592
1827
2389
3182
1033
2830
749
1688
770
2919
2389
2662
1795
1270
1884
1320
2830
2486
653
2609
694
972
1561
2249
867
2107
3161
1429
2453
2185
530
3071
1683
2666
1796
1855
1755
667
886
1104
2196
2547
362
2069
2956
1109
937
1297
1248
392
2571
1961
2680
499
1145
1592
391
2780
2533
2033
1046
705
1539
2453
1282
913
1295
2129
2794
1003
663
2348
1216
938
1319
606
1959
777
2337
279
1673
2255
1340
2124
1475
1416
2980
597
685
819
1848
2497
504
1748
2930
2078
300
1790
711
913
1438
1020
2920
2709
1205
1496
975
1897
1236
1520
1284
368
1047
1698
2729
1622
1170
2805
1570
1181
2064
1687
1344
1809
2568
743
464
271
2484
2576
1631
1473
579
1805
706
779
2843
1385
961
1775
1284
1526
1040
2629
2894
1668
2769
2214
505
1755
387
478
2544
2977
1608
1381
549
1144
1004
2235
3153
2463
517
1568
2179
633
553
868
1820
1085
1001
1590
1066
1035
667
2648
1127
2761
2434
789
2558
787
157
2283
898
1093
2542
851
851
1691
1334
2953
2501
503
460
1312
2131
1280
2263
496
2914
3118
1452
1879
2839
1121
3221
1493
2356
1982
1971
3077
1115
684
528
1308
3043
759
2255
995
2649
2539
1472
1968
2246
1761
1056
1477
2556
1669
598
2183
929
1738
988
2487
907
1651
1756
1977
1599
730
2004
2149
1610
897
1820
1577
1145
1230
3056
1671
2056
1299
1913
1509
1131
1427
1000
804
968
2227
1164
2525
1294
2228
1196
2181
2336
956
300
1763
675
1902
1703
798
1235
2711
1667
1211
1784
663
1855
363
1667
716
2394
1919
943
1885
1002
738
574
1847
369
847
2083
2712
2253
1627
1865
2266
1852
1778
2573
262
2890
3246
640
1717
3050
2896
2090
434
2073
2340
1405
1778
1330
1733
1165
1822
2745
1241
1211
2710
865
2101
560
1430
2632
1107
1862
1193
2277
1940
3029
2724
2432
1350
2194
512
1172
1984
1837
2442
524
1604
2395
1159
2754
2311
502
2644
844
1170
2006
1688
1316
1424
3089
2501
1979
1105
1822
1068
670
2409
2278
452
2967
2324
2457
2055
1675
1675
459
2834
1057
2301
3150
2611
1114
3143
2026
1351
2330
1409
1189
2294
1693
333
1518
1599
2198
2355
1962
533
1527
2432
1130
1846
1703
2252
1522
2060
862
2824
2285
1015
2824
832
768
794
2618
1458
2496
1859
822
1551
956
2137
3014
446
2206
1941
668
1546
710
809
1110
631
2928
2892
2421
373
2047
289
494
1810
2409
2114
2051
2266
936
1995
662
3161
2922
1239
1912
2670
2514
2209
737
1245
1420
3128
608
1878
2759
1134
1243
543
1782
1693
756
1237
1022
2039
1220
212
1328
1488
1237
3015
1426
592
2751
720
3001
1085
1746
2951
534
1516
1025
1074
2307
2434
1441
586
1266
663
1770
1980
2712
1639
1048
1713
1462
1525
2179
1764
1323
1815
2474
2303
598
2101
1017
2974
1172
2933
1479
1269
1330
1024
1290
1116
946
2554
2986
679
812
1050
2863
520
2748
418
1826
1022
1182
2793
2775
1453
1215
577
1777
2674
1716
658
1298
2942
1575
580
807
726
1613
913
1120
2136
663
610
2379
1333
789
2686
2795
2150
1288
2718
1933
2416
2554
1320
523
2665
2428
2487
1774
2224
658
3005
2574
2603
2501
1335
568
1720
1562
2062
655
677
2387
2288
842
1589
3013
1738
1455
1999
2216
2775
2810
1690
224
707
653
1302
2077
2599
1835
1880
759
1660
838
1989
1278
607
3140
2533
2442
2820
1668
1668
2113
599
984
2397
793
1331
2428
2855
1972
1549
1885
280
1631
831
1562
1292
1875
1312
1048
2912
1222
2781
847
2942
1199
1705
2473
1362
2968
531
1288
1938
790
1566
1932
693
1655
1239
1806
757
914
344
2588
1610
792
1208
2947
1866
1736
3144
933
592
1082
2402
2659
1405
2843
2688
2473
1463
1351
234
2188
1006
499
2646
3141
894
2850
3210
1560
1086
3334
817
351
2425
2306
3033
1549
463
3234
2400
2879
1924
1536
1341
3103
2942
2795
656
1408
639
864
3143
1990
1424
2892
1369
666
2651
2034
1842
2325
2098
3147
591
704
2565
1794
3051
2124
2029
1732
1279
2986
448
1045
1818
1095
1595
1542
653
2548
1757
3026
1571
1616
641
669
540
1382
1847
2673
1657
1822
2427
2698
2493
1298
1805
2094
894
2546
2743
1080
1187
2006
1560
1325
2615
2116
2502
862
1871
784
492
1786
1503
1982
2854
298
240
2650
770
644
2388
1771
739
730
1522
2271
2193
2409
3116
2931
1712
1510
931
2336
2897
2359
748
2925
1893
3024
2263
501
3208
965
1132
1722
2754
2103
2546
1459
1318
173
885
2828
2876
1973
590
429
1598
3013
1977
1428
1083
2066
2522
2095
2294
595
2225
880
2903
2582
1680
516
1288
1801
1372
1676
2800
1300
2834
1523
2402
1144
3335
1297
1741
556
1729
1291
1597
1543
2184
2753
848
3055
689
2459
2242
714
1864
835
905
2554
999
1161
3188
2251
645
2374
2375
627
539
2073
802
1439
1256
2809
607
2187
1838
687
2509
1086
2670
2061
2696
727
1109
2682
554
2554
1625
792
2166
2262
1381
2072
1528
1514
837
1741
2943
2423
2720
500
1202
952
2148
764
2032
615
3258
1161
1279
509
413
1027
2431
1704
761
2013
1400
1533
1501
2302
430
1952
2317
1280
1714
2835
1423
1901
2567
3073
1317
1991
748
1694
1148
2992
1097
1830
2621
1900
1851
777
2752
432
993
1492
2148
3029
2600
716
1170
675
1300
2501
1628
2715
876
2655
2524
1383
2111
1141
1541
1847
1200
263
3103
2208
2402
3022
3032
1045
1648
1641
1295
678
1834
2746
1962
3172
2964
540
1051
1607
1384
1197
3152
2796
1052
2685
2934
1628
2049
1969
2353
2401
1125
1779
1522
1818
1825
2291
1030
2727
1125
2277
1829
1041
962
1844
1095
317
2114
1622
3116
1850
912
1018
2324
2249
1270
602
778
881
2537
2321
1658
932
3177
662
1870
2910
974
705
2326
2143
1313
1179
3037
414
471
1791
880
2033
779
1598
1689
1895
1498
1025
1981
2558
2748
811
1555
536
3160
2282
2215
2542
1136
2591
1115
3265
2012
3041
1455
2176
1965
3339
889
675
1564
2308
2167
2123
2685
704
642
643
1325
1971
3006
2003
2217
814
3016
2863
1436
1541
1378
2315
1963
1321
2233
3094
1551
1121
1148
1547
2501
1712
2906
1635
2744
2295
2713
542
844
1737
1841
1974
1787
957
1140
1750
1095
601
1823
2811
542
2280
3335
1677
2226
1971
1758
1487
1950
2002
1012
1805
1949
1311
477
799
1813
655
2268
1340
1481
2549
429
570
917
652
859
1043
1541
3218
687
1652
387
1695
1590
1858
1011
2408
1767
897
1785
2675
2913
3135
2369
2155
2119
721
1596
1952
2189
2216
2537
962
2530
1420
2002
2213
2142
1107
806
1157
3221
2145
642
1498
1973
1338
961
1819
2810
548
2557
785
823
559
2346
2231
982
819
1884
1894
2487
2826
2155
3149
1516
2396
973
748
766
907
1176
2154
1639
2003
2005
3137
1461
1133
2756
1917
1084
498
414
1656
3191
1983
753
1099
2634
1160
3099
1975
1027
1478
429
809
1976
1390
1704
1705
410
1260
1336
1614
895
1880
1963
2013
2547
3058
1157
2230
809
2881
2092
2528
2359
2529
2858
1044
1369
1985
710
2315
286
1271
645
450
2253
2147
2943
1590
2672
2443
2322
2677
2408
994
2242
1966
1366
2594
2324
1433
1809
1625
1689
933
1939
1177
2053
2254
2212
1883
463
3011
973
1801
1632
